140	138	138	135	134	132	131	136	143	149	145	130	100	074	079	083	084	086	086	086	083	090	094	098	101	105	105	109	105	105	105	108	108	108	108	108	108	109	110	111	110	111	106	106	108	108	106	108	109	106	112	105	106	105	106	105	105	105	103	104	099	096	086	092	114	129	137	131	127	130	132	132	129	127	129	129	133	135	132	165	197	203	178	095	088	096	100	098	101	098	097	100	101	100	101	103	101	095	098	140
138	136	135	132	131	130	130	133	142	148	145	127	097	073	076	082	082	082	083	083	082	089	094	098	099	103	105	106	104	105	104	107	108	107	107	107	106	107	108	108	108	110	106	105	106	107	104	107	107	105	109	105	104	104	104	103	104	104	103	102	098	094	085	090	111	127	136	131	127	128	130	130	128	127	129	128	131	133	130	158	195	202	184	102	087	095	098	098	101	098	097	100	100	099	099	101	101	096	100	114
131	131	132	130	130	128	129	134	143	146	142	121	094	069	071	077	078	081	080	079	082	088	093	098	098	100	102	103	105	104	104	104	106	106	106	106	105	106	105	105	104	105	106	102	104	105	103	105	106	104	104	105	103	102	102	102	102	102	101	102	098	093	087	084	101	120	131	134	130	130	132	131	131	128	130	128	129	130	129	134	182	199	199	148	085	090	095	097	098	097	097	099	098	099	099	100	103	104	078	040
132	131	130	130	130	128	133	141	144	142	137	119	093	069	070	077	081	083	079	078	079	087	091	097	098	100	101	102	105	104	103	104	106	104	106	105	106	105	104	106	105	106	105	104	103	105	103	106	108	105	105	104	105	103	102	101	103	103	103	103	100	094	091	085	090	114	127	136	136	134	137	136	132	132	129	128	128	127	128	127	153	193	203	189	108	086	091	094	097	097	098	098	099	101	101	103	105	074	040	035
131	130	131	133	132	130	136	142	141	138	135	120	099	070	071	076	081	080	079	079	080	088	092	095	097	100	102	103	103	105	105	104	104	104	105	104	104	104	104	106	104	105	105	105	105	105	102	106	110	108	105	105	105	102	103	101	101	102	102	102	101	098	090	085	084	105	125	134	139	137	138	138	135	132	132	130	128	127	128	127	127	174	199	202	159	088	089	093	096	099	099	099	104	104	106	108	072	037	038	035
130	131	133	132	133	134	141	143	138	135	134	121	093	066	069	076	080	080	079	078	081	085	093	094	097	101	100	102	103	102	103	103	103	101	104	102	102	105	107	102	098	098	098	100	100	100	100	102	104	106	104	105	102	100	101	100	100	100	099	101	099	099	090	085	087	102	121	135	139	138	135	135	134	132	131	130	128	129	127	126	123	141	190	203	196	126	085	093	098	098	097	097	101	106	107	070	042	032	032	035
132	133	133	134	136	141	144	142	135	134	136	122	093	067	070	076	081	081	079	078	080	085	091	096	097	099	100	101	101	101	103	103	103	103	103	102	101	103	106	103	097	094	096	098	099	099	099	100	104	103	106	105	101	100	102	101	100	099	100	101	100	094	092	086	086	103	118	131	136	137	135	136	133	132	131	131	130	132	129	128	124	121	165	196	205	181	099	089	094	097	097	099	102	105	070	033	034	034	036	035
134	133	136	137	140	143	143	140	133	134	135	119	091	066	070	075	079	080	078	077	079	086	090	094	095	098	100	100	101	099	099	103	101	101	102	104	102	101	104	099	097	096	096	097	099	096	095	098	103	104	106	106	102	102	102	100	099	099	099	100	098	094	092	088	086	099	114	126	132	135	134	133	133	132	132	132	131	131	131	128	125	120	132	187	206	205	148	084	089	094	099	102	104	069	032	033	040	038	037	037
138	136	136	140	143	138	136	134	134	135	134	119	089	062	068	077	078	078	078	078	078	085	091	094	095	097	097	099	099	097	100	101	101	099	102	102	102	101	101	099	099	097	097	094	094	093	093	095	099	103	105	102	101	101	102	100	100	100	099	100	097	093	092	089	085	098	112	123	128	132	134	132	131	130	129	129	132	130	128	125	122	118	116	159	202	209	192	108	085	089	096	103	070	033	032	037	043	040	035	032
138	136	136	143	136	127	126	131	136	135	135	121	092	064	069	075	079	080	079	078	080	086	091	094	096	097	098	099	098	100	101	102	099	101	102	104	100	099	104	100	104	112	114	132	144	143	139	123	104	095	096	098	099	101	104	103	100	100	098	099	098	094	090	087	084	095	110	120	123	127	131	131	128	129	129	129	127	126	123	121	119	117	117	126	186	206	207	164	087	090	096	068	034	032	036	041	044	038	034	032
137	135	139	144	128	115	116	132	137	136	136	120	092	064	067	073	079	078	078	078	080	086	090	094	094	099	097	098	099	102	101	102	100	100	102	101	099	103	120	129	131	133	151	153	166	166	164	167	172	158	126	097	094	098	103	103	100	099	098	098	095	093	090	087	083	094	111	120	120	123	127	130	128	127	127	127	125	121	120	117	116	115	115	116	152	197	210	201	122	094	068	031	031	032	039	040	040	036	031	031
134	137	144	136	116	098	112	133	138	138	137	121	091	060	065	071	075	076	078	078	080	089	090	092	095	097	096	097	100	100	100	099	097	100	108	108	106	123	127	127	128	132	143	148	156	165	163	164	169	175	181	170	119	092	099	101	101	098	098	096	092	090	088	086	084	095	111	119	119	121	125	128	127	124	123	120	120	118	117	115	113	113	115	114	117	177	207	213	183	080	034	031	036	039	041	038	035	039	034	031
137	143	142	126	097	083	115	135	140	138	137	122	091	060	064	070	075	074	075	077	080	085	090	091	095	094	096	096	098	098	098	101	112	122	115	103	103	115	113	118	123	132	137	149	152	155	164	167	173	175	179	183	184	148	101	091	094	095	094	094	091	088	086	082	081	092	110	121	120	120	123	124	126	126	119	116	118	119	116	116	114	114	115	116	113	137	195	213	198	053	029	033	037	039	039	033	037	037	034	034
143	148	133	112	072	077	115	137	141	139	136	119	090	056	060	068	071	073	075	077	078	080	087	089	090	095	096	096	097	096	096	114	091	099	099	100	103	112	109	115	117	124	132	139	153	159	167	171	172	176	175	181	185	185	174	116	084	089	089	091	090	087	085	082	079	092	112	123	123	120	119	119	119	124	119	114	115	118	116	116	114	115	117	117	118	120	164	200	102	030	030	035	040	041	035	033	036	033	036	036
148	142	123	090	057	079	112	136	142	139	135	117	088	054	061	069	077	079	075	076	078	083	087	088	090	093	092	095	097	094	105	088	090	091	097	101	105	110	112	116	110	118	125	137	150	157	164	169	171	178	180	182	185	185	188	188	133	079	078	085	087	085	084	083	078	091	113	125	126	123	116	111	108	116	122	116	116	119	116	116	116	118	118	119	121	125	135	101	034	032	034	036	037	035	038	039	035	039	048	027
144	133	107	069	059	081	113	136	142	139	134	119	088	055	061	070	076	076	076	076	078	083	087	089	089	093	093	094	095	100	106	086	084	090	094	101	103	106	109	115	116	117	124	130	141	153	166	172	173	177	179	184	183	181	183	191	203	188	117	075	083	081	080	080	078	091	117	127	130	126	118	099	091	104	120	119	118	121	115	116	117	118	119	120	123	127	096	036	031	030	037	039	032	033	040	037	039	052	034	057
134	120	085	060	062	082	114	134	142	141	135	118	086	056	061	070	074	076	076	077	079	084	087	089	090	094	095	095	095	099	086	084	089	095	095	099	099	103	105	112	112	113	121	126	139	154	169	173	173	175	177	173	181	194	201	204	205	213	198	075	074	078	077	078	076	091	113	126	128	127	121	094	067	081	110	121	117	118	116	116	117	118	118	120	125	111	043	030	031	036	038	036	032	040	036	035	049	057	054	118
119	097	064	064	063	082	114	135	142	140	135	116	087	059	062	069	073	076	080	076	078	083	086	088	090	093	094	096	097	089	082	088	091	096	097	095	095	104	109	115	114	116	119	125	136	150	164	168	171	160	180	197	199	197	199	197	200	202	212	167	067	069	075	075	073	089	112	128	127	127	121	099	051	050	093	117	121	117	117	116	116	117	116	120	121	055	029	028	037	040	038	032	038	034	036	052	061	068	115	127
099	073	064	067	064	080	113	133	141	140	135	116	085	057	064	073	073	076	077	076	079	082	087	090	091	094	094	096	089	083	087	089	094	092	091	093	103	105	115	116	118	122	121	123	131	149	160	152	162	188	194	197	198	193	194	194	201	204	210	216	134	060	065	070	072	089	112	128	129	127	124	103	052	033	073	104	121	118	116	115	117	118	119	125	076	036	037	034	038	039	033	038	038	037	040	056	073	111	129	122
076	063	067	068	064	079	111	132	141	141	135	118	087	058	064	073	076	075	075	077	079	081	086	092	090	093	096	097	088	088	087	091	092	091	094	099	106	108	113	115	119	121	117	121	132	147	136	168	191	193	193	193	188	191	192	193	195	198	201	207	205	138	064	060	066	088	112	127	129	127	125	101	051	033	053	090	113	120	115	114	116	119	123	109	036	027	035	041	038	032	033	039	035	040	047	061	109	129	125	136
067	066	068	069	065	080	111	132	140	142	136	117	088	058	060	070	074	076	076	077	077	082	086	091	092	092	102	087	082	089	088	089	090	093	098	107	108	115	117	116	117	113	112	118	122	135	177	183	185	186	187	188	188	190	193	197	198	199	200	201	207	210	161	051	060	085	112	128	128	127	127	099	054	030	030	064	101	118	118	113	116	121	122	059	028	031	037	039	039	033	039	035	038	041	050	097	124	126	135	146
066	068	069	069	067	082	111	131	139	138	136	119	089	059	061	069	073	077	076	075	077	081	087	090	090	094	120	077	081	087	087	088	090	095	099	108	116	116	113	119	116	110	105	114	151	169	180	181	180	178	178	186	194	194	195	195	197	198	197	197	203	208	211	104	052	079	108	125	128	128	124	101	058	031	028	035	075	103	118	112	115	122	086	032	032	035	038	040	036	038	037	037	037	040	088	127	120	130	143	145
070	069	069	068	064	078	112	131	139	139	138	120	090	059	061	069	071	075	078	077	082	083	085	088	085	126	109	079	081	085	086	087	095	097	104	112	114	110	113	116	106	099	114	161	171	176	172	172	169	182	187	186	190	196	193	194	193	191	196	200	199	205	213	201	061	076	109	124	127	128	127	102	060	032	030	025	046	133	185	178	167	122	039	033	036	040	038	043	039	037	037	039	034	069	125	122	127	141	142	140
070	067	066	067	063	076	110	132	139	139	137	119	089	055	058	066	070	072	073	075	078	081	083	085	080	153	094	077	082	087	087	089	094	100	107	112	110	108	111	098	093	125	159	171	163	162	169	170	173	182	185	184	185	188	188	189	195	196	194	199	200	201	205	216	116	068	107	124	127	128	126	101	059	031	027	045	152	194	192	207	216	179	036	034	039	039	043	038	039	037	041	035	051	117	126	124	141	142	140	138
068	068	069	071	066	077	108	131	140	140	136	119	087	054	055	067	071	074	075	074	076	079	083	087	090	165	091	077	081	086	086	091	096	105	100	098	105	108	097	093	134	161	156	149	162	161	162	171	177	178	180	184	177	180	189	191	194	190	191	193	197	198	201	211	194	076	103	128	129	129	125	099	050	027	059	170	178	194	208	210	212	216	061	033	038	040	036	036	034	038	040	039	099	129	124	136	141	141	140	138
071	071	072	072	071	078	107	131	142	143	138	121	088	056	058	068	073	075	076	075	078	081	085	086	110	162	084	078	082	081	086	095	099	098	098	108	104	099	097	136	155	149	150	155	163	161	168	172	175	174	169	172	181	188	184	183	188	190	192	192	192	196	196	200	206	155	103	124	129	129	121	088	048	102	183	176	197	205	197	198	204	217	075	033	040	036	031	032	034	038	035	067	129	126	134	139	138	139	137	137
073	074	075	074	070	078	108	131	141	143	141	124	089	057	060	070	074	076	078	076	078	083	086	083	134	146	083	073	078	084	088	094	092	098	101	102	099	094	135	140	132	147	148	157	165	169	163	170	167	160	163	176	173	182	185	186	187	190	165	183	190	193	193	193	196	204	173	121	125	124	113	103	163	186	181	201	199	196	192	197	209	213	068	034	039	038	033	033	038	031	037	113	129	130	141	139	137	137	137	135
077	076	075	075	072	080	109	129	141	145	143	125	091	056	061	069	075	076	076	075	075	081	084	078	154	129	089	077	079	077	082	089	094	099	094	094	099	128	131	127	127	136	155	161	157	155	166	161	156	161	170	168	170	171	179	185	187	167	172	183	188	189	189	189	186	190	196	136	123	123	158	187	180	189	200	196	193	193	195	203	210	204	049	038	036	037	031	032	037	033	082	131	128	138	140	138	137	137	136	134
076	074	074	075	073	082	110	134	143	147	147	128	091	057	064	069	074	075	075	073	076	080	080	075	173	131	093	079	081	080	083	086	094	093	097	103	127	123	125	119	132	142	147	153	152	157	155	147	160	161	161	162	164	168	172	159	167	171	172	178	183	184	176	180	181	177	181	160	145	180	183	183	195	197	192	192	194	194	193	201	212	187	040	040	039	034	030	035	042	062	120	127	133	140	140	138	137	136	135	134
077	075	074	074	073	083	110	134	146	150	147	128	091	057	059	068	071	076	073	073	074	078	077	080	183	136	102	086	081	080	086	090	095	098	098	124	122	122	113	123	132	138	140	151	159	147	148	158	156	159	158	155	161	172	168	167	168	176	177	179	175	166	171	172	170	162	174	181	181	184	191	194	191	191	189	192	195	188	185	200	210	150	030	033	038	033	033	038	051	103	128	127	139	141	140	138	138	137	136	136
073	074	075	073	072	081	109	134	146	148	147	127	093	058	062	070	072	074	073	073	073	077	077	086	182	140	114	100	084	080	083	091	087	099	116	121	118	107	123	131	125	123	140	152	137	152	155	147	157	160	153	153	150	158	162	163	170	169	177	165	168	164	160	163	153	172	178	175	189	194	193	188	190	190	191	195	191	155	165	186	201	085	031	034	039	033	035	039	070	128	126	137	141	141	141	139	138	138	138	137
072	073	072	072	072	081	113	136	146	147	145	127	092	059	062	071	075	074	073	073	074	076	074	088	176	142	124	109	094	074	079	087	095	114	112	118	101	117	127	123	129	130	127	131	147	151	148	151	147	149	146	147	146	144	155	158	162	169	161	159	158	164	145	161	174	174	185	192	187	183	183	188	190	191	194	196	165	145	146	151	176	038	038	040	032	032	033	060	112	127	130	140	142	139	140	139	138	138	139	137
072	072	071	070	071	083	112	136	147	147	145	128	094	059	062	071	074	073	072	073	075	074	071	095	171	145	125	110	098	081	081	093	117	110	111	101	115	121	119	117	122	129	127	137	138	138	147	140	144	146	139	140	147	148	150	153	150	151	154	152	145	149	167	166	177	188	189	183	182	184	187	191	192	194	198	188	144	147	134	160	133	030	034	037	032	036	041	084	130	126	137	141	141	137	138	139	138	137	138	137
072	074	071	072	073	085	112	136	146	148	145	130	097	057	061	070	073	072	072	073	073	074	067	106	178	156	135	118	111	084	086	108	109	110	099	113	119	117	109	115	125	119	136	131	125	136	134	124	119	127	142	143	142	144	145	144	146	143	140	140	157	166	170	185	182	176	175	182	185	188	193	194	193	197	201	159	140	123	114	176	068	032	038	039	045	039	053	115	127	130	139	139	137	136	138	138	137	137	137	137
075	074	074	074	076	085	112	136	147	148	146	132	095	055	059	070	073	072	072	072	073	071	066	104	184	162	139	126	123	094	097	102	108	096	112	116	112	104	112	117	117	129	109	108	103	089	090	124	138	109	117	124	131	127	125	118	087	124	136	161	159	180	186	183	180	181	184	189	190	192	194	194	195	200	181	124	080	078	147	170	029	031	034	033	040	041	083	128	127	139	140	139	137	137	137	136	135	136	136	134
075	076	076	076	077	089	115	136	148	150	147	131	095	056	057	069	072	075	073	073	073	071	065	096	186	172	148	111	119	093	094	098	091	108	112	111	101	107	110	111	119	114	117	104	090	076	065	119	136	112	088	080	079	068	051	041	043	103	154	159	182	184	182	185	182	182	186	190	190	191	195	195	184	145	095	067	075	126	189	083	031	035	034	033	036	048	115	126	133	142	141	140	138	137	137	135	136	135	135	135
075	078	076	073	079	088	114	139	147	148	147	132	096	056	059	070	072	073	074	073	074	073	067	074	186	180	153	097	106	097	093	089	101	112	108	099	109	110	106	116	110	103	107	102	094	091	064	073	101	079	073	078	058	058	030	036	115	138	162	187	185	182	181	183	182	183	186	188	191	194	185	122	078	068	074	088	136	169	097	033	036	035	037	038	033	073	126	126	142	143	141	141	140	139	138	137	135	136	135	134
081	080	076	073	077	088	114	137	147	147	146	132	096	058	059	068	071	073	074	073	074	071	070	064	173	180	157	106	120	111	085	096	109	109	100	103	109	104	113	109	098	109	087	077	069	047	045	087	093	061	085	077	050	060	039	121	125	162	172	173	181	178	175	180	179	183	186	188	181	147	117	076	076	092	121	147	172	084	032	035	038	031	034	044	046	108	127	134	146	144	142	142	141	140	140	137	137	135	136	135
085	080	079	075	075	086	114	136	146	147	146	132	097	057	059	067	071	073	074	074	073	072	074	064	131	178	169	134	121	100	093	110	105	093	103	104	100	107	106	115	093	067	063	058	041	036	067	087	046	076	076	051	043	079	121	129	176	173	168	173	171	172	173	178	179	184	184	132	090	091	121	129	136	143	150	168	075	030	037	041	036	034	036	037	070	125	125	142	146	147	144	144	142	140	140	137	137	137	136	134
082	081	079	076	076	084	111	136	147	147	146	132	099	056	059	068	071	071	074	072	072	074	077	072	088	187	173	147	131	087	103	107	094	100	099	100	106	111	080	079	064	065	056	047	046	035	075	042	061	082	066	076	068	126	127	177	179	168	168	168	164	164	174	179	179	170	086	072	090	105	113	138	146	154	165	083	029	033	038	041	037	032	037	041	099	124	131	146	147	147	145	144	142	141	139	139	138	138	136	135
084	084	081	076	073	081	110	137	147	149	147	132	099	056	058	066	071	073	071	072	072	075	079	078	069	148	182	156	137	100	106	096	100	107	101	104	105	094	074	061	068	054	036	080	033	048	057	041	044	064	059	095	100	125	177	181	174	169	168	165	160	169	174	175	173	158	076	075	084	110	104	132	157	151	060	031	032	036	040	041	034	032	040	057	112	114	141	148	146	145	144	145	143	142	141	141	139	138	136	134
083	084	079	077	072	076	109	136	148	149	149	133	099	055	056	065	071	072	071	073	074	077	081	083	076	087	188	173	126	101	093	097	105	098	104	105	103	071	060	067	076	045	038	077	042	048	040	052	056	068	076	105	121	162	171	174	165	164	163	161	163	170	174	175	181	177	115	068	086	082	119	135	121	041	032	032	038	040	041	037	031	036	041	078	112	118	149	149	145	145	145	144	144	143	142	142	139	139	137	135
083	081	080	075	071	075	107	134	147	149	150	134	100	055	056	067	071	074	074	073	073	077	082	086	080	076	191	186	122	098	093	097	096	106	105	083	078	061	042	046	064	059	048	058	082	033	034	036	031	065	080	116	150	163	170	162	154	162	161	157	161	176	183	181	183	182	144	070	045	069	101	130	085	031	030	036	040	043	043	035	030	036	050	105	109	130	146	147	147	145	144	145	144	143	143	141	140	139	138	134
081	081	081	076	071	074	108	134	147	150	148	134	100	057	056	069	073	075	076	074	074	079	084	087	083	076	186	178	084	089	095	092	101	101	097	061	042	051	033	037	063	063	051	043	093	065	036	025	061	098	127	136	166	174	172	150	150	165	150	154	170	180	186	184	188	188	161	079	037	047	080	138	072	034	032	036	041	047	041	032	033	035	071	117	118	134	137	144	147	146	143	143	144	144	142	141	140	139	137	135
078	080	080	076	073	075	108	135	147	150	150	136	103	059	056	067	074	076	077	076	076	077	100	088	086	078	156	156	087	089	089	104	093	071	060	051	060	036	041	039	041	052	058	060	069	049	025	049	111	133	150	136	159	174	162	154	155	141	145	163	176	183	187	188	194	196	179	098	042	032	059	139	075	036	037	041	043	048	036	033	038	037	101	117	133	137	133	133	136	139	141	142	143	144	142	141	139	138	136	134
080	081	077	076	071	075	106	134	148	151	150	136	103	062	061	070	076	078	078	075	075	083	092	089	090	088	106	161	089	090	099	104	092	064	045	031	058	039	045	038	041	045	053	081	065	077	040	109	130	160	161	145	157	181	156	149	133	140	151	170	178	183	188	190	196	198	189	118	050	026	046	128	087	040	040	043	046	048	034	034	036	053	117	118	144	142	137	135	132	132	133	132	135	140	141	139	138	136	136	132
078	079	077	074	069	073	106	134	149	152	149	136	104	061	063	071	075	077	079	078	078	082	090	090	090	090	093	123	090	103	109	099	054	041	063	037	038	052	055	036	038	051	042	060	029	077	100	120	144	162	174	143	164	163	141	135	141	150	155	166	178	183	187	189	194	199	197	141	066	034	036	114	096	037	041	045	046	042	036	037	035	087	121	126	146	145	143	143	141	138	136	131	130	131	130	130	132	133	135	133
076	078	075	072	071	073	108	136	149	152	151	136	101	060	059	070	076	078	079	077	078	082	087	090	091	090	104	102	101	109	104	077	059	035	075	037	043	069	044	035	045	042	049	062	030	082	110	148	144	156	176	166	158	134	138	142	148	155	157	161	173	181	180	186	190	196	196	159	073	033	033	092	113	044	048	046	050	038	037	038	046	111	115	135	145	144	143	144	147	147	140	136	132	130	128	126	126	127	130	129
076	076	075	074	071	072	106	135	149	153	151	137	102	061	061	069	076	079	078	077	078	082	089	091	093	133	069	042	111	113	080	052	073	038	081	032	044	045	033	036	049	044	053	044	065	099	150	163	146	158	182	152	086	085	094	110	139	158	157	156	165	178	175	179	186	191	183	135	056	029	029	073	129	046	049	049	049	036	038	037	069	118	117	140	141	141	140	140	143	145	142	138	138	135	133	132	128	125	125	122
077	078	078	076	072	071	105	133	149	152	153	138	104	061	062	070	075	078	076	076	076	081	087	093	110	121	049	038	113	079	056	066	052	062	080	031	052	051	044	028	041	071	050	040	109	140	160	175	144	175	145	108	119	121	095	061	061	104	145	149	159	174	172	174	169	131	094	080	065	037	031	060	138	052	051	050	041	036	039	040	090	116	126	142	140	139	138	137	138	141	140	137	137	137	138	138	133	129	126	120
075	078	079	076	068	068	105	133	150	152	153	139	106	060	060	070	076	076	074	073	073	078	096	113	130	129	118	096	071	054	058	081	064	065	062	040	049	035	070	030	030	037	033	092	131	156	180	171	165	117	071	067	062	064	059	072	087	086	115	135	151	175	176	163	113	072	057	060	054	045	030	056	137	062	048	048	037	036	038	045	111	114	134	140	137	136	137	135	136	138	138	135	135	136	138	139	134	133	129	123
073	074	073	070	065	063	102	133	149	153	152	136	105	060	057	065	072	074	072	071	066	112	157	115	126	122	076	055	035	076	080	071	082	065	048	049	060	029	056	075	034	027	061	116	157	165	186	175	102	042	035	034	031	063	068	030	075	102	107	124	148	182	184	099	045	047	058	035	040	035	029	051	138	069	050	044	034	036	039	053	120	121	139	138	135	134	134	135	135	137	135	134	135	134	135	135	130	127	125	123
074	074	071	068	060	058	101	134	152	154	155	138	103	058	059	070	073	073	074	070	062	127	143	123	123	100	050	041	066	052	049	069	092	050	035	034	074	033	032	037	044	038	096	149	158	179	187	122	059	034	055	054	047	101	180	081	071	089	101	117	149	194	148	048	043	080	130	041	033	033	033	049	140	075	057	041	035	038	036	082	121	130	139	137	134	133	133	133	134	133	134	133	133	131	131	129	125	120	118	118
076	075	074	069	061	056	100	133	152	156	156	140	103	062	062	073	078	079	076	069	049	098	138	191	098	037	036	071	049	059	063	089	099	053	036	033	053	037	032	030	028	067	114	148	172	186	137	093	098	071	065	085	080	165	190	124	088	087	096	114	158	201	111	095	078	111	136	046	030	032	033	050	141	076	063	038	036	039	037	102	120	136	137	136	133	132	135	133	134	134	133	131	130	129	127	123	119	117	125	140
079	078	075	067	060	055	100	134	152	158	158	142	106	065	065	075	083	086	060	056	117	131	145	084	048	073	083	068	034	069	070	098	106	085	041	029	034	036	036	027	036	098	154	164	186	134	094	106	115	114	097	095	109	134	143	142	112	095	098	111	158	205	137	114	114	124	080	048	042	036	043	049	139	086	060	037	034	039	059	114	122	139	136	134	132	132	138	135	134	134	131	128	125	123	121	121	128	147	160	167
077	077	073	064	058	051	097	134	152	158	160	145	108	063	064	074	082	081	108	126	116	071	073	038	038	084	112	087	039	063	081	082	109	103	041	034	033	035	033	024	089	116	158	181	130	075	103	120	125	125	122	115	112	120	133	135	120	103	102	104	153	206	164	126	109	098	074	073	047	030	040	046	134	099	053	036	038	034	079	116	130	138	135	133	133	133	132	131	132	132	128	126	123	119	121	144	165	172	172	171
075	069	066	060	051	045	095	132	151	158	160	144	108	063	063	073	082	084	100	108	088	084	052	042	068	094	071	064	033	063	065	110	083	098	039	034	032	036	037	053	098	149	177	147	064	087	105	121	132	141	144	141	142	149	148	144	119	113	103	101	148	204	178	144	126	108	095	087	054	034	042	042	131	108	047	034	036	034	096	117	136	137	135	132	132	133	131	131	130	129	126	123	120	120	153	175	177	173	171	172
067	071	062	058	049	045	093	132	151	156	158	143	108	062	062	072	090	116	126	125	090	068	051	063	084	100	089	038	032	048	082	098	095	078	080	039	035	034	035	098	114	171	167	050	071	091	104	119	130	143	152	154	155	153	155	141	122	117	104	099	136	202	182	148	127	110	102	093	058	037	044	039	122	119	037	034	036	044	112	119	140	136	135	133	132	133	132	130	128	127	123	120	120	151	175	179	176	173	172	175
062	061	056	056	047	044	094	132	151	156	158	143	108	062	062	078	091	099	091	077	073	054	064	071	102	092	056	036	036	037	050	055	033	069	103	044	031	031	057	105	158	177	072	042	080	094	101	115	126	139	152	159	158	154	151	136	124	119	106	100	130	199	187	144	131	114	103	094	053	037	046	038	111	127	035	035	033	060	118	128	140	135	136	132	132	131	130	129	128	126	122	115	140	172	176	176	176	176	179	185
058	056	055	052	045	042	092	131	148	152	153	141	108	061	066	077	080	092	099	096	084	080	072	052	089	088	048	039	038	036	041	045	035	070	100	090	029	027	093	120	183	127	037	045	080	094	102	112	122	129	142	154	156	150	144	130	115	112	101	099	125	186	193	143	129	117	104	090	045	035	046	034	103	132	048	038	037	087	117	142	139	136	135	132	130	129	128	126	126	124	117	122	165	176	174	175	178	185	190	190
060	057	058	053	043	040	092	130	148	149	153	138	108	058	068	092	108	122	061	081	100	069	062	078	109	106	053	048	034	029	044	061	046	101	099	094	036	040	100	163	171	039	042	043	074	093	101	108	119	130	136	145	147	147	141	127	108	105	098	095	117	177	201	140	126	115	104	082	037	040	051	035	087	131	063	035	038	107	120	141	138	136	135	133	131	129	128	126	123	121	116	146	175	174	173	177	187	194	194	188
060	059	056	052	039	035	090	130	148	151	153	140	107	058	057	094	103	107	059	091	081	068	080	086	100	104	058	037	034	032	057	066	088	085	099	039	025	075	113	180	067	026	050	049	071	092	100	106	115	124	129	133	139	140	136	121	103	101	098	093	113	162	210	138	126	114	103	070	033	040	052	032	072	136	075	030	055	116	125	139	136	132	133	134	131	130	129	126	123	118	126	167	176	174	177	187	193	193	194	192
063	060	058	050	037	032	088	130	148	152	155	143	108	061	072	096	089	090	060	077	086	066	087	057	090	108	072	039	043	031	055	077	092	070	038	027	083	114	127	127	030	027	057	051	071	091	098	105	113	120	125	130	133	136	131	117	088	104	108	100	106	156	207	131	122	110	098	051	032	040	053	033	054	140	096	030	078	122	132	138	135	132	131	131	132	131	129	128	121	115	147	176	175	176	184	193	192	190	194	195
063	059	057	051	042	041	095	130	147	151	154	143	110	073	067	072	084	083	061	094	079	056	093	055	092	125	086	042	046	039	035	045	089	040	029	031	147	167	145	046	024	030	059	058	073	090	096	102	111	118	124	126	131	133	131	119	095	098	064	082	090	132	175	127	120	108	085	035	036	042	050	035	040	140	105	035	100	123	137	137	134	132	131	132	129	129	127	125	120	120	163	177	176	182	190	191	193	194	196	196
057	057	054	051	049	059	107	134	146	150	155	145	111	062	061	072	087	078	062	072	051	087	072	067	095	115	103	048	036	089	030	047	073	046	064	083	116	155	061	032	040	029	064	066	078	089	095	101	109	117	121	123	128	132	132	125	109	098	096	094	100	142	156	129	116	105	059	037	038	047	053	036	032	131	112	051	117	125	138	136	133	132	132	131	130	128	126	124	118	131	170	176	180	190	192	193	195	198	197	194
058	056	057	052	049	072	115	137	144	149	154	146	112	064	061	071	087	090	047	064	079	059	060	074	097	095	121	088	042	093	044	048	070	100	142	095	117	121	038	039	043	034	066	072	081	092	095	100	108	113	117	121	128	131	133	130	124	116	117	148	153	180	153	125	113	096	042	036	042	055	057	043	031	118	108	072	122	128	137	135	133	132	130	130	129	128	126	123	116	140	174	176	186	193	192	192	194	197	197	197
054	051	052	049	044	075	117	137	145	148	156	146	113	064	058	072	108	084	056	094	063	047	053	062	072	085	104	116	073	066	039	050	124	153	132	075	125	037	035	035	047	036	058	079	080	092	098	100	108	112	112	116	123	125	128	126	125	124	139	184	165	184	150	121	112	067	037	036	046	057	052	042	028	099	112	095	121	131	135	134	132	130	130	128	128	127	127	122	116	149	175	180	192	193	192	192	194	198	198	199
052	047	048	047	047	071	114	137	146	151	156	148	114	061	058	097	088	077	065	086	044	057	060	069	061	075	072	115	111	035	079	108	137	156	080	111	046	045	036	035	049	037	048	078	072	089	097	100	107	112	110	110	114	117	118	120	120	129	143	179	173	172	144	114	103	039	039	037	046	058	053	044	028	087	114	104	121	134	135	134	131	130	131	129	127	127	124	120	115	154	177	188	194	193	194	193	196	200	200	200
045	041	045	047	045	070	116	140	149	152	157	148	112	061	079	083	090	072	051	071	050	052	056	096	085	067	077	084	106	084	113	179	181	094	102	073	031	045	032	035	049	041	047	071	063	085	098	097	102	108	113	113	092	086	098	102	099	096	091	104	108	093	094	113	071	034	038	038	049	055	058	044	030	072	116	115	123	135	135	133	131	129	131	130	128	127	124	119	114	158	183	195	195	194	194	195	199	201	201	201
039	040	044	044	050	078	118	139	152	155	157	146	112	083	092	069	115	067	054	039	052	057	059	122	087	090	082	092	068	101	112	193	131	087	118	037	034	035	035	038	043	047	044	064	061	081	094	094	099	106	115	117	099	085	077	082	091	095	101	119	121	100	111	106	039	036	036	039	046	057	058	045	039	059	126	123	127	137	135	134	133	131	130	130	128	127	125	118	116	166	191	198	196	195	195	197	200	201	202	200
040	040	042	042	051	078	116	137	151	156	158	148	127	095	055	095	093	065	082	038	044	063	071	132	064	090	088	068	102	124	105	156	100	131	051	039	037	032	037	036	044	049	043	058	054	074	086	090	094	100	110	117	115	102	094	093	098	123	140	142	135	117	120	061	033	037	032	038	037	061	059	048	044	056	134	128	129	138	136	136	134	134	132	130	128	127	126	117	118	174	198	198	196	198	199	200	201	199	196	194
041	036	037	037	052	072	110	135	152	156	158	149	118	059	066	105	086	051	098	036	062	057	096	115	099	083	083	115	105	129	121	145	148	069	043	043	043	038	039	043	046	050	043	058	051	062	078	084	091	099	105	111	114	109	101	098	093	095	101	101	118	121	092	037	033	036	040	039	038	060	061	047	048	054	137	132	132	137	136	136	136	135	133	132	128	127	123	114	116	182	202	199	199	202	203	200	195	191	191	192
038	036	034	033	066	078	106	129	150	155	157	147	114	059	072	091	072	056	072	035	064	046	110	122	110	108	095	108	085	108	135	165	085	039	038	041	041	037	039	040	043	044	039	048	049	053	066	077	086	097	103	109	111	111	109	109	116	120	120	126	125	113	049	035	034	040	045	037	039	065	063	049	050	050	141	130	134	138	137	137	136	136	135	132	130	127	123	111	114	187	205	201	202	202	201	196	195	195	196	196
033	034	035	037	073	081	106	128	149	153	155	146	113	062	061	091	067	073	053	034	064	045	091	098	106	120	098	083	098	098	119	123	041	040	039	042	040	037	037	034	038	041	038	042	044	046	047	065	077	091	102	108	112	116	123	130	136	146	143	136	126	091	039	034	038	045	043	038	044	068	065	054	051	049	143	130	137	139	138	137	135	135	135	133	129	125	122	111	119	193	205	201	199	198	200	199	197	195	193	192
033	037	033	039	067	080	106	129	150	153	155	146	114	060	059	080	051	069	053	043	059	043	092	083	059	113	119	107	116	104	086	066	044	042	039	044	040	040	037	038	034	040	040	041	045	046	039	038	057	077	095	104	112	120	127	143	144	146	147	141	124	058	042	042	042	047	037	037	048	072	066	057	052	049	144	132	136	139	135	134	135	134	134	131	127	124	120	110	131	201	205	197	197	200	201	196	190	189	186	178
033	035	032	035	056	082	107	132	148	151	155	147	113	057	077	082	043	068	051	050	051	039	082	116	065	082	109	121	120	132	107	069	040	041	040	049	041	042	038	039	036	035	041	043	047	044	051	038	040	053	065	081	096	106	118	129	140	142	134	126	112	050	042	046	046	048	041	038	054	075	066	065	056	054	141	126	114	122	127	131	134	133	133	130	127	123	119	107	148	203	203	196	198	198	195	190	180	156	107	064
035	037	031	029	049	067	100	131	149	150	152	144	107	102	122	089	044	061	049	052	044	036	072	128	091	059	098	107	105	138	092	130	069	036	039	055	040	043	036	038	036	035	039	044	043	038	049	058	075	089	099	109	108	113	122	133	134	140	142	145	151	107	064	048	045	045	039	038	053	076	070	065	055	063	139	107	093	098	104	109	116	120	128	127	125	121	113	105	170	202	194	194	194	192	187	169	116	048	032	035
052	050	038	032	043	054	093	126	147	148	150	142	134	110	059	082	033	058	051	049	061	048	060	112	115	069	102	125	086	109	089	099	132	065	041	056	039	050	039	037	039	036	039	043	043	039	047	069	092	101	100	106	109	113	119	123	122	122	133	156	177	184	179	130	070	042	038	039	060	076	068	063	060	070	135	106	106	098	095	093	092	095	101	107	111	113	109	106	177	195	188	193	193	188	172	135	054	033	043	060
109	090	061	043	044	038	072	120	145	148	150	159	127	063	098	062	030	038	064	038	056	070	057	063	107	086	117	085	088	104	100	131	090	099	041	051	036	050	037	035	039	038	036	043	045	042	041	071	092	097	099	102	110	110	114	115	116	121	137	161	176	182	186	188	184	132	050	028	054	072	064	058	054	072	130	117	118	115	109	103	094	086	082	082	083	088	090	082	170	189	188	192	191	181	131	048	040	048	059	064
126	124	107	076	058	035	067	120	143	147	149	145	115	106	108	034	031	036	086	053	072	076	065	047	077	100	094	068	101	106	128	110	100	071	081	047	035	052	040	038	040	047	039	041	048	049	042	071	088	093	099	102	109	115	114	112	118	128	144	161	173	174	179	186	189	195	176	072	042	067	057	056	051	080	126	126	126	123	120	118	112	104	096	087	077	094	094	071	171	191	194	193	181	118	049	049	059	063	069	066
117	131	138	117	078	037	066	121	148	150	150	144	127	141	067	038	033	036	054	069	068	053	067	077	046	082	056	064	086	110	132	132	059	110	102	045	036	052	041	041	041	049	040	046	051	064	038	069	089	097	095	108	110	114	114	113	122	134	142	154	164	169	173	180	186	192	197	190	082	054	046	055	047	086	125	130	129	127	126	123	120	116	110	105	096	102	098	095	185	196	197	190	153	050	051	069	064	076	077	068
087	114	140	142	110	041	066	121	150	152	153	144	129	115	064	032	039	046	050	044	042	060	039	045	044	079	052	063	084	092	130	120	105	109	083	076	035	053	045	040	039	050	042	046	055	081	040	067	092	094	103	110	112	113	113	117	125	135	140	148	156	161	167	176	183	189	196	202	189	064	032	047	044	098	121	130	129	126	125	125	123	119	116	112	106	107	104	127	194	197	197	182	111	050	070	070	075	088	077	071
033	079	136	156	128	049	063	123	151	154	155	146	127	107	045	032	034	055	040	039	048	066	049	038	058	062	068	069	070	091	104	123	145	061	102	111	027	045	043	036	036	050	041	038	056	089	043	060	088	103	104	108	112	113	113	117	124	130	137	143	151	157	164	173	179	186	193	200	207	164	035	037	036	108	119	128	128	126	126	125	123	121	119	113	109	110	114	152	199	198	194	166	073	065	072	077	087	080	073	080
022	044	130	161	141	051	055	122	150	154	155	147	119	109	042	034	041	042	037	035	057	066	054	029	050	069	057	077	099	078	094	131	134	050	099	133	029	046	050	036	037	048	038	037	065	083	045	060	090	101	104	105	110	113	114	120	123	127	134	140	148	155	162	171	178	186	193	199	205	207	086	028	028	115	122	129	127	125	125	123	120	120	117	111	105	124	156	182	200	198	189	133	067	071	075	086	082	069	076	082
022	038	118	161	142	047	053	122	152	155	157	150	123	111	043	035	043	036	036	036	086	059	047	039	042	042	048	070	094	079	085	131	136	060	094	105	029	054	054	039	036	046	035	042	072	084	052	063	093	101	105	109	109	109	112	117	119	126	131	137	146	152	160	169	176	185	193	199	203	209	170	027	029	119	126	130	128	126	125	122	117	117	113	107	119	173	183	192	201	197	170	091	070	073	084	089	074	073	082	082
020	027	108	160	145	049	050	121	152	156	158	149	122	090	039	042	034	032	033	044	106	052	035	047	039	036	041	057	084	077	082	135	128	107	134	124	040	049	046	041	038	038	041	055	088	095	054	068	094	104	108	108	107	109	110	116	119	123	130	137	141	150	157	167	175	184	192	197	203	206	205	051	035	117	131	129	127	126	123	122	117	115	111	106	148	200	194	196	201	190	135	076	068	075	088	083	071	080	085	084
019	026	103	160	148	060	048	121	151	154	155	148	124	085	047	034	034	034	045	063	070	052	037	054	034	034	043	059	060	092	115	131	098	130	139	061	052	044	043	044	040	037	044	070	096	094	049	073	096	103	108	111	108	108	110	113	116	121	127	134	139	146	155	165	175	182	191	195	200	204	207	091	045	117	131	127	126	124	122	122	119	116	110	105	165	200	190	199	199	172	107	080	073	078	089	077	073	084	082	074
019	024	094	158	152	068	047	118	150	154	154	148	124	095	041	034	033	037	048	040	059	053	043	042	038	036	045	069	039	065	121	119	094	048	065	074	083	086	081	051	038	035	053	081	097	097	052	080	099	105	108	112	110	107	106	110	115	119	126	131	136	144	150	163	172	181	188	193	198	202	205	144	055	119	130	128	125	123	122	122	121	115	109	109	171	196	187	200	193	141	093	082	074	080	081	069	076	083	078	072
023	025	080	152	154	075	051	117	149	155	156	150	126	089	039	035	032	038	051	040	049	048	039	042	042	037	044	068	058	081	101	105	105	087	056	034	044	043	045	053	035	038	065	088	100	092	055	089	103	109	111	112	112	108	107	111	111	117	122	130	135	142	147	157	169	179	186	192	196	201	202	186	074	122	131	128	126	125	124	124	121	115	114	110	149	181	183	201	183	114	088	081	071	076	063	073	082	078	077	077
029	025	066	148	154	089	052	114	148	153	155	148	126	100	054	032	042	057	041	035	051	043	047	044	050	040	062	047	073	071	106	106	058	112	113	046	039	040	037	035	032	048	074	092	097	076	062	096	108	113	113	114	110	109	108	107	111	116	122	126	131	137	143	153	164	175	183	190	196	200	201	200	115	115	109	117	123	128	127	126	124	119	119	119	117	131	179	201	171	101	082	072	073	068	062	083	078	072	077	079
026	025	062	144	154	095	053	111	146	153	155	149	123	098	056	034	038	039	036	043	050	048	053	038	041	036	053	043	100	061	040	087	053	085	108	035	033	037	032	029	037	056	083	093	096	055	074	103	108	111	113	116	112	113	109	109	112	116	121	125	128	135	141	150	159	171	180	189	196	200	202	203	157	082	072	080	095	107	117	122	124	124	128	125	113	125	188	199	149	089	072	067	072	057	076	080	074	077	079	068
023	023	050	146	163	108	051	107	143	152	155	151	124	090	065	032	039	035	040	047	048	047	052	037	034	037	049	068	100	106	055	055	060	077	061	033	032	033	030	031	049	071	089	091	078	046	090	105	107	113	115	114	113	112	109	107	108	113	117	122	127	133	139	148	153	168	176	187	194	199	202	205	183	063	063	058	063	068	074	084	095	113	132	128	116	144	199	187	117	070	057	069	060	068	081	076	075	085	078	053
030	029	048	144	167	126	054	107	143	153	155	154	122	088	059	036	032	035	049	039	047	048	050	046	038	039	040	039	072	119	110	089	082	038	037	034	034	028	028	037	061	082	090	085	038	068	102	107	109	111	111	114	115	112	110	108	107	110	114	119	125	129	135	143	151	162	172	184	192	196	200	204	200	083	076	075	069	059	049	042	039	054	093	156	145	166	198	161	077	046	055	059	068	085	073	071	077	085	070	044
054	060	069	137	172	136	062	105	143	154	155	155	117	096	045	036	043	039	038	039	043	048	050	047	037	033	040	048	038	078	130	103	095	052	034	030	030	028	030	052	074	088	088	049	047	094	104	107	111	110	111	113	116	114	112	109	108	111	111	115	120	127	132	138	149	157	168	181	188	195	198	202	204	125	078	086	083	074	064	047	033	029	098	181	144	180	186	113	046	048	057	057	083	077	066	067	086	085	062	045
069	075	092	141	172	146	073	103	144	155	157	156	115	093	046	036	037	035	037	042	037	041	053	048	042	037	046	049	044	058	080	107	094	040	033	032	028	029	043	062	084	086	047	042	083	099	105	108	111	110	111	112	115	114	114	112	108	111	113	113	118	124	129	137	143	151	164	176	185	193	197	201	201	165	071	086	087	079	073	062	047	038	093	178	168	168	126	049	041	051	053	075	080	062	061	075	094	079	064	047
052	084	102	138	167	146	078	104	143	154	158	155	116	091	038	037	040	042	038	044	035	054	061	057	057	035	066	048	060	061	085	090	065	037	034	030	026	034	057	069	060	039	053	081	094	101	104	108	109	111	111	113	114	116	116	115	113	112	111	111	116	121	126	135	140	148	156	170	180	189	196	201	202	193	076	080	085	082	080	074	067	066	100	183	168	099	056	042	053	052	073	085	066	056	068	091	089	075	054	053
034	063	083	124	165	149	085	101	141	155	159	156	123	066	035	037	040	047	039	055	037	053	063	061	092	047	060	043	072	058	085	120	061	037	033	033	031	032	040	044	056	075	088	096	098	101	104	107	108	110	110	113	114	117	119	118	115	114	111	113	115	119	125	132	137	146	156	165	176	185	193	199	202	201	104	073	082	087	087	083	087	084	092	134	094	062	058	058	056	073	089	068	053	056	085	099	089	064	048	048
040	046	067	110	165	155	098	100	140	156	159	157	122	053	039	040	036	049	046	061	037	056	050	053	093	060	060	074	044	076	072	098	079	037	037	029	032	046	063	075	084	093	095	097	101	099	101	106	107	107	112	112	113	115	119	117	118	118	114	114	116	119	123	129	134	143	151	162	171	179	188	196	201	202	143	067	080	088	094	093	097	092	088	083	073	076	073	062	065	081	071	059	052	075	098	100	082	054	044	041
038	042	050	106	185	184	118	103	141	156	160	157	101	046	040	038	039	045	048	050	048	071	048	055	077	099	043	084	038	070	056	079	068	039	031	034	044	066	081	087	088	094	097	099	099	101	102	104	106	108	109	110	112	114	117	119	120	120	119	119	120	121	124	127	134	142	149	160	166	175	186	193	197	200	176	065	077	087	093	101	098	091	089	083	084	089	077	069	079	070	055	056	067	095	106	090	063	044	042	039
036	039	043	109	188	187	136	104	140	154	157	156	105	046	036	040	046	048	058	053	054	084	046	063	068	096	053	083	051	054	059	055	083	082	029	042	059	075	084	089	092	094	098	098	100	101	101	104	107	106	108	111	111	115	117	118	118	119	122	121	121	122	126	129	134	142	145	155	165	173	182	190	195	199	195	080	073	080	091	097	100	096	091	093	099	091	075	075	069	069	066	064	091	111	099	072	044	036	044	059
